crosswalk 0.0105 209 212 218 222
crosswalk 0.0091 209 207 218 217
crosswalk 0.0067 21 203 42 219
crosswalk 0.0052 128 151 135 161
crosswalk 0.0048 207 207 221 227
crosswalk 0.0042 200 210 228 225
crosswalk 0.0041 294 198 301 210
crosswalk 0.0029 298 203 305 217
crosswalk 0.0028 203 202 226 221
crosswalk 0.0018 208 191 219 200
crosswalk 0.0011 291 195 313 211
crosswalk 0.0010 121 143 142 157
crosswalk 0.0010 279 186 288 192
trafficlight 0.8986 145 268 174 360
trafficlight 0.0497 28 204 36 217
trafficlight 0.0493 26 200 37 222
trafficlight 0.0336 144 279 176 322
trafficlight 0.0190 127 146 135 155
trafficlight 0.0139 126 141 137 159
trafficlight 0.0124 207 202 221 222
trafficlight 0.0105 154 266 178 333
trafficlight 0.0072 298 198 305 210
trafficlight 0.0066 20 199 31 223
trafficlight 0.0064 22 203 30 218
trafficlight 0.0058 147 265 172 308
trafficlight 0.0047 297 193 306 215
trafficlight 0.0037 126 147 138 165
trafficlight 0.0030 182 254 231 371
trafficlight 0.0029 2 328 72 394
trafficlight 0.0026 270 175 276 184
trafficlight 0.0024 28 221 35 232
trafficlight 0.0023 136 262 164 333
trafficlight 0.0020 21 197 30 211
trafficlight 0.0017 181 136 188 147
trafficlight 0.0017 293 194 303 214
trafficlight 0.0016 27 212 36 242
trafficlight 0.0016 -8 299 78 418
trafficlight 0.0016 27 204 37 232
trafficlight 0.0013 208 184 219 206
trafficlight 0.0013 152 261 182 393
trafficlight 0.0012 100 257 203 392
trafficlight 0.0012 193 280 220 350
trafficlight 0.0012 268 169 278 191
trafficlight 0.0011 134 120 141 132
trafficlight 0.0011 175 232 211 363
trafficlight 0.0011 21 191 30 201
trafficlight 0.0011 20 183 31 209
trafficlight 0.0010 77 350 100 400
trafficlight 0.0010 202 280 229 350
